Количество секций: 10 шт.
Входное АВО: 
Площадь секций:  м2
Расход газа: 52,93 кг/с
Плотность газа: 0,686
Коммерческий расход: 60 (мл.м3)/сутки
Температура атмосферы: 0 С
Скорость ветра: 0 м/с
Влажность воздуха: 100 %
Температура эффективности: 0,000 С
Учет загрязнения: 1
Учет расхода газа: 0,05
1 секция: True False False 27 37000 7 7 7,5 50 0,85 
2 секция: True False False 27 37000 7 7 7,5 50 0,85 
3 секция: True False False 27 37000 7 7 7,5 50 0,85 
4 секция: True False False 27 37000 7 7 7,5 50 0,85 
5 секция: True False False 27 37000 7 7 7,5 50 0,85 
6 секция: True False False 27 37000 7 7 7,5 50 0,85 
7 секция: True False False 27 37000 7 7 7,5 50 0,85 
8 секция: True False False 27 37000 7 7 7,5 50 0,85 
9 секция: True False False 27 37000 7 7 7,5 50 0,85 
10 секция: True False False 27 37000 7 7 7,5 50 0,85 
11 секция: False False False        
12 секция: False False False        
13 секция: False False False        
1 секция: 2,3 0,0159 0,023 0,03 9327 21,9 
2 секция: 2,3 0,0159 0,023 0,03 9327 21,9 
3 секция: 2,3 0,0159 0,023 0,03 9327 21,9 
4 секция: 2,3 0,0159 0,023 0,03 9327 21,9 
5 секция: 2,3 0,0159 0,023 0,03 9327 21,9 
6 секция: 2,3 0,0159 0,023 0,03 9327 21,9 
7 секция: 2,3 0,0159 0,023 0,03 9327 21,9 
8 секция: 2,3 0,0159 0,023 0,03 9327 21,9 
9 секция: 2,3 0,0159 0,023 0,03 9327 21,9 
10 секция: 2,3 0,0159 0,023 0,03 9327 21,9 
11 секция:       
12 секция:       
13 секция:       
